0.00000  0.00000
0.02449  176.04056
0.04898  347.82745
0.07347  519.65307
0.09796  691.51883
0.12245  863.42614
0.14694  1035.37639
0.17143  1207.37101
0.19592  1379.41138
0.22041  1551.49893
0.24490  1723.63504
0.26939  1895.82114
0.29388  2068.05862
0.31837  2240.34889
0.34286  2412.69336
0.36735  2585.09342
0.39184  2757.55050
0.41633  2930.06599
0.44082  3102.64130
0.46531  3275.27783
0.48980  3447.97699
0.51429  3620.74019
0.53878  3793.56883
0.56327  3966.46432
0.58776  4139.42806
0.61224  4312.46146
0.63673  4485.56592
0.66122  4658.74286
0.68571  4831.99367
0.71020  5005.31976
0.73469  5178.72253
0.75918  5352.20341
0.78367  5525.76377
0.80816  5699.40505
0.83265  5873.12863
0.85714  6046.93593
0.88163  6220.82835
0.90612  6394.80730
0.93061  6568.87418
0.95510  6743.03039
0.97959  6917.27736
1.00408  7091.61647
1.02857  7266.04914
1.05306  7440.57676
1.07755  7615.20076
1.10204  7789.92253
1.12653  7964.74347
1.15102  8139.66500
1.17551  8314.68852
1.20000  8489.81543
