0.00000  0.00000
0.02449  182.88562
0.04898  353.98007
0.07347  525.09482
0.09796  696.23183
0.12245  867.39308
0.14694  1038.58055
0.17143  1209.79622
0.19592  1381.04208
0.22041  1552.32008
0.24490  1723.63222
0.26939  1894.98047
0.29388  2066.36682
0.31837  2237.79323
0.34286  2409.26168
0.36735  2580.77416
0.39184  2752.33265
0.41633  2923.93911
0.44082  3095.59553
0.46531  3267.30389
0.48980  3439.06616
0.51429  3610.88432
0.53878  3782.76036
0.56327  3954.69624
0.58776  4126.69395
0.61224  4298.75546
0.63673  4470.88276
0.66122  4643.07781
0.68571  4815.34261
0.71020  4987.67912
0.73469  5160.08933
0.75918  5332.57521
0.78367  5505.13874
0.80816  5677.78190
0.83265  5850.50667
0.85714  6023.31502
0.88163  6196.20894
0.90612  6369.19040
0.93061  6542.26137
0.95510  6715.42385
0.97959  6888.67980
1.00408  7062.03120
1.02857  7235.48003
1.05306  7409.02828
1.07755  7582.67791
1.10204  7756.43091
1.12653  7930.28925
1.15102  8104.25491
1.17551  8278.32987
1.20000  8452.51611
