)LJ Voltage (V) to Resistance (ohms): Calibration data with LabJack, preamp 1, demod board. Taken Jan 2017 by NPL
0.00000  0.00000
0.02449  122.94329
0.04898  296.16202
0.07347  469.40115
0.09796  642.66293
0.12245  815.94958
0.14694  989.26334
0.17143  1162.60644
0.19592  1335.98111
0.22041  1509.38958
0.24490  1682.83409
0.26939  1856.31688
0.29388  2029.84017
0.31837  2203.40620
0.34286  2377.01720
0.36735  2550.67541
0.39184  2724.38305
0.41633  2898.14236
0.44082  3071.95558
0.46531  3245.82493
0.48980  3419.75265
0.51429  3593.74098
0.53878  3767.79214
0.56327  3941.90836
0.58776  4116.09190
0.61224  4290.34496
0.63673  4464.66980
0.66122  4639.06863
0.68571  4813.54370
0.71020  4988.09724
0.73469  5162.73147
0.75918  5337.44864
0.78367  5512.25098
0.80816  5687.14071
0.83265  5862.12008
0.85714  6037.19132
0.88163  6212.35665
0.90612  6387.61831
0.93061  6562.97854
0.95510  6738.43957
0.97959  6914.00363
1.00408  7089.67295
1.02857  7265.44977
1.05306  7441.33632
1.07755  7617.33483
1.10204  7793.44754
1.12653  7969.67668
1.15102  8146.02448
1.17551  8322.49318
1.20000  8499.08500
