0.00000     500.00
1.04747     450.00
2.07257     350.00
2.58512     300.00
2.68763     290.00
2.78708     280.00
2.88639     270.00
2.98521     260.00
3.08304     250.00
3.17898     240.00
3.27578     230.00
3.37446     220.00
3.47171     210.00
3.56846     200.00
3.66417     190.00
3.75885     180.00
3.85250     170.00
3.94493     160.00
4.03641     150.00
4.12578     140.00
4.21317     130.00
4.29885     120.00
4.38287     110.00
4.46463     100.00
4.50486      95.00
4.54464      90.00
4.58438      85.00
4.62344      80.00
4.64675      77.00
4.66232      75.00
4.70178      70.00
4.74053      65.00
4.77851      60.00
4.79331      58.00
4.80798      56.00
4.82202      54.00
4.83620      52.00
4.85006      50.00
4.86351      48.00
4.87683      46.00
4.89002      44.00
4.90419      42.00
4.91387      40.00
4.92741      38.00
4.94055      36.00
4.95428      34.00
4.96877      32.00
4.98042      30.00
4.99950      28.00
5.04027      26.00
5.09783      24.00
5.19107      22.00
5.26289      21.00
5.33984      20.00
5.42264      19.00
5.51084      18.00
5.60624      17.00
5.70186      16.00
5.80401      15.00
5.90976      14.00
6.01866      13.00
6.13881      12.00
6.28115      11.00
6.43829      10.00
6.53090       9.50
6.63575       9.00
6.74780       8.50
6.86507       8.00
6.99003       7.50
7.05434       7.25
7.11828       7.00
7.18209       6.75
7.24577       6.50
7.30868       6.25
7.37127       6.00
7.43436       5.75
7.49939       5.50
7.56288       5.25
7.62714       5.00
7.65284       4.90
7.67867       4.80
7.70387       4.70
7.72875       4.60
7.75274       4.50
7.77587       4.40
7.79814       4.30
7.81956       4.20
7.84098       4.10
7.86105       4.00
7.87941       3.90
7.89714       3.80
7.91267       3.70
7.92707       3.60
7.94021       3.50
7.95258       3.40
7.96446       3.30
7.97666       3.20
7.98836       3.10
8.00046       3.00
8.01275       2.90
8.02481       2.80
8.03664       2.70
8.04843       2.60
8.06036       2.50
8.07201       2.40
8.08218       2.30
8.09213       2.20
8.10185       2.10
8.11139       2.00
8.11616       1.95
8.12061       1.90
8.12525       1.85
8.12997       1.80
8.13474       1.75
8.13978       1.70
8.14469       1.65
8.14959       1.60
8.15436       1.55
8.15918       1.50
8.16399       1.45
8.16863       1.40
8.17313       1.35
8.17767       1.30
8.18217       1.25
8.18658       1.20
8.19072       1.15
8.19459       1.10
8.19612       1.08
8.19828       1.05
8.20143       1.00
