0.822128        293.5
0.823349        248.8
0.827289        192.2
0.82967         181.0
0.83399         146.7
0.8382          120.2
0.84081         100.1
0.8424           91.52
0.84526          76.58
0.8496           59.8
0.8528           51.40
0.8567           42.56
0.868319         29.93
0.8775           24.96
0.8876           22.99
0.89552          19.937
0.915365        19.35738
0.921852          17.674
0.928385        16.24411
0.934964        15.01717
0.941589         13.9548
0.948262        13.02649
0.954982        12.20747
0.961749        11.47789
0.968564        10.82233
0.975428        10.22934
 0.98234        9.690672
0.989301        9.200384
0.996311        8.753766
1.003371        8.346397
1.010481        7.973531
1.017642        7.629968
1.024853        7.310507
1.032115        7.010891
1.039428        6.728933
1.046793        6.465253
1.062808        5.969797
1.080957        5.478094
1.099415        5.052498
1.118189        4.681903
1.137283        4.356827
1.156702        4.069319
1.176452         3.81283
 1.19654        3.582064
 1.21697        3.372815
1.237748        3.181801
1.258881          3.0065
1.280374        2.844996
1.302234         2.69584
1.324466        2.557919
1.347077        2.430355
1.370074        2.312415
1.393463        2.203438
1.417251        2.102793
1.441444        2.009843
 1.46605        1.923926
1.491075        1.844359
1.516526        1.770441
1.542411        1.701475
1.568738        1.636786
1.595512         1.57575
1.622744        1.517816
1.650439        1.462532
1.678606        1.409556
1.707252        1.358666
1.736387        1.309764
1.766018         1.26286
1.796154        1.218054
1.826803        1.175505
1.857974        1.135392
1.889675        1.097868
1.921917        1.063015
1.954707        1.030795
1.988056        1.001015
2.021972        0.973308
2.056466        0.947132
2.204133        0.836684
2.377145        0.738003
2.563698        0.655346
2.764847        0.585527
2.981725        0.526017
3.215552        0.474824
3.467645        0.430391
3.739416        0.391508
4.032387        0.357239
4.348197        0.326861
4.688605        0.299811
5.055506         0.27565
5.450935        0.254023
5.877079        0.234641
 6.33629         0.21726
6.831091        0.201665
7.364193        0.187661
7.938504        0.175071
