0.822128        293.5
0.823349        248.8
0.827289        192.2
0.82967         181.0
0.83399         146.7
0.8382          120.2
0.84081         100.1
0.8424           91.52
0.84526          76.58
0.8496           59.8
0.8528           51.40
0.8567           42.56
0.868319         29.93
0.8775           24.96
0.8876           22.99
0.89552          19.937
0.914793        19.35738
0.921275          17.674
0.927802        16.24411
0.934376        15.01717
0.940997         13.9548
0.947664        13.02649
0.954378        12.20747
 0.96114        11.47789
 0.96795        10.82233
0.974808        10.22934
0.981715        9.690672
0.988671        9.200384
0.995676        8.753766
 1.00273        8.346397
1.009835        7.973531
1.016989        7.629968
1.024195        7.310507
1.031451        7.010891
1.038759        6.728933
1.046118        6.465253
 1.06212        5.969797
1.080255        5.478094
1.098699        5.052498
1.117458        4.681903
1.136536        4.356827
 1.15594        4.069319
1.175676         3.81283
1.195747        3.582064
1.216161        3.372815
1.236923        3.181801
 1.25804          3.0065
1.279516        2.844996
1.301358         2.69584
1.323573        2.557919
1.346167        2.430355
1.369146        2.312415
1.392517        2.203438
1.416286        2.102793
 1.44046        2.009843
1.465047        1.923926
1.490052        1.844359
1.515484        1.770441
1.541349        1.701475
1.567655        1.636786
1.594409         1.57575
1.621619        1.517816
1.649292        1.462532
1.677437        1.409556
1.706062        1.358666
1.735174        1.309764
1.764782         1.26286
1.794894        1.218054
1.825519        1.175505
1.856666        1.135392
1.888343        1.097868
 1.92056        1.063015
1.953325        1.030795
1.986648        1.001015
2.020538        0.973308
2.055005        0.947132
2.202558        0.836684
2.375436        0.738003
2.561847        0.655346
2.762841        0.585527
2.979554        0.526017
3.213204        0.474824
3.465105        0.430391
3.736671        0.391508
4.029423        0.357239
4.344996        0.326861
4.685152        0.299811
5.051782         0.27565
 5.44692        0.254023
5.872754        0.234641
6.331632         0.21726
6.826078        0.201665
7.358801        0.187661
7.932708        0.175071
