1 17
7 218
9 479
11 594
13 704
13 955
23 309
24 1038
26 6
26 458
32 367
33 101
42 583
42 976
48 785
51 230
51 231
52 910
54 697
60 519
61 157
64 913
64 86
66 176
67 884
70 169
70 1004
77 585
92 32
92 897
93 32
93 897
104 541
107 489
109 396
112 581
115 726
119 717
120 977
121 24
121 25
130 640
136 862
137 430
140 192
140 1018
140 1019
140 939
141 939
143 81
144 774
146 110
147 207
148 995
150 381
155 159
155 984
162 405
164 481
167 871
168 225
169 224
169 225
176 571
176 572
184 802
184 801
186 491
186 1035
187 1031
188 1009
188 1039
191 632
191 633
192 831
193 649
193 204
197 543
205 21
206 21
206 20
208 812
211 572
217 405
217 380
219 440
220 565
222 906
227 832
228 259
229 871
230 586
231 691
232 321
236 289
239 386
239 235
242 704
246 424
248 871
248 872
251 455
251 456
251 914
252 935
252 936
253 936
254 2
254 855
255 855
255 970
257 440
258 2
263 534
264 879
264 880
272 151
274 173
279 536
279 585
280 562
283 414
286 987
294 77
299 116
299 844
301 253
301 762
302 762
303 127
310 727
310 653
311 653
312 113
316 1038
320 647
321 917
321 918
321 53
321 647
322 850
323 121
326 717
327 875
331 512
334 203
336 878
336 242
344 933
345 610
345 809
346 397
346 396
352 719
359 302
360 160
372 615
374 581
383 1012
384 1029
384 1030
386 556
386 770
387 198
387 1014
389 462
390 462
390 463
392 525
393 525
393 526
394 599
397 1
407 677
409 568
410 377
414 724
415 959
419 394
420 886
420 394
421 753
426 98
427 97
427 98
433 829
434 828
434 829
435 540
436 540
441 117
442 994
442 143
443 143
444 624
447 293
450 844
451 76
451 359
451 358
455 112
457 799
457 85
461 136
462 136
462 137
465 633
470 317
472 778
473 61
478 1004
481 974
482 137
482 835
502 483
503 310
510 244
510 245
510 86
510 56
512 746
514 201
515 128
517 728
521 755
523 783
525 290
526 322
529 207
532 322
532 36
532 633
533 529
542 516
544 507
545 929
551 416
554 594
555 890
557 514
558 250
560 728
560 268
562 373
562 529
563 529
564 31
565 203
570 813
571 634
573 210
576 742
577 399
578 235
578 731
578 437
578 399
578 400
579 437
579 438
584 547
586 58
588 804
589 818
590 797
592 169
592 170
593 169
593 897
597 100
598 130
599 130
600 444
602 910
602 707
603 707
603 708
610 633
613 436
617 522
629 761
630 807
631 977
631 978
634 493
635 890
638 866
639 466
643 531
644 336
648 129
650 569
653 386
654 386
658 764
659 764
659 765
660 961
662 502
662 613
663 186
663 509
664 656
669 673
669 757
669 758
670 673
670 758
673 597
673 725
674 503
677 29
678 29
683 129
685 321
692 279
696 721
697 643
697 255
702 486
705 863
712 420
716 864
721 972
721 822
731 511
747 495
747 496
748 33
750 745
751 79
752 78
752 79
753 494
754 815
758 494
758 407
762 42
764 281
767 793
768 793
769 30
769 582
770 789
773 254
775 750
783 286
784 562
784 603
785 77
791 210
800 18
804 970
810 644
812 748
813 748
813 69
818 902
821 401
822 161
822 2
823 161
825 323
825 193
830 366
837 236
838 1029
841 106
842 504
842 505
842 322
845 593
847 634
847 639
850 169
851 308
852 923
853 923
858 966
860 396
865 570
866 172
869 739
876 295
877 301
881 420
881 421
882 421
885 664
886 349
892 705
893 958
893 959
895 79
904 633
904 833
910 509
911 313
913 873
918 2
921 856
921 1017
921 570
923 429
929 82
929 83
931 605
931 606
932 890
932 605
932 606
935 785
937 758
938 758
939 544
949 416
950 979
950 980
950 959
951 979
955 728
956 14
958 724
959 292
960 748
961 426
967 266
969 436
975 124
978 725
982 680
984 635
988 160
988 161
988 162
990 899
990 293
990 176
990 294
991 846
991 845
995 266
996 221
1002 268
1002 269
1005 619
1006 208
1011 796
1011 797
1015 626
1015 627
1017 400
1018 221
1019 220
1019 221
1020 300
1020 301
1021 671
1026 482
1027 242
1029 831
1031 903
1031 904
1032 161
1038 224
1039 589
1043 430
1044 88
1044 167
1044 407
1048 344
1051 645
1056 571
1062 786
1065 516
1066 515
1066 516
1068 26
1069 769
1069 382
1069 404
1070 403
1070 404
1071 171
1071 395
1075 646
1082 656
1092 496
1098 789
1099 466
1099 836
1100 245
1100 327
1101 245
1102 803
1103 147
1104 572
1107 894
1108 894
1109 1001
1111 194
1112 195
1112 194
1115 631
1116 630
1116 631
1116 883
1116 884
1122 299
1128 934
1128 294
1128 295
1129 294
1130 532
1135 324
1139 882
1141 422
1142 706
1144 789
1144 790
1146 963
1147 293
1148 293
1152 364
1152 139
1157 292
1159 488
1161 277
1162 277
1163 620
1163 558
1164 859
1167 71
1167 72
1173 216
1173 217
1174 51
1174 52
1174 241
1175 52
1175 567
1176 741
1176 508
1176 509
1176 297
1177 509
1178 392
1186 278
1187 278
1191 774
1191 775
1193 955
1193 84
1194 83
1194 84
1200 891
1201 412
1208 889
1212 133
1214 45
1215 45
1215 573
1217 713
1220 77
1223 845
1225 323
1226 322
1226 323
1229 381
1242 838
1245 182
1245 183
1246 183
1248 772
1248 684
1249 711
1255 826
1256 826
1257 61
1258 61
1263 121
1265 623
1265 220
1265 622
1266 387
1270 371
1279 712
1280 712
1281 127
1283 44
1283 45
1284 45
1284 120
1286 49
1288 904
1289 596
1289 822
1292 530
1292 531
1294 244
1296 586
1298 134
1301 793
1301 794
1301 990
1301 931
1302 953
1303 417
1303 952
1303 953
1303 630
1310 448
1312 484
1312 485
1313 280
1316 925
1324 204
1324 205
1324 29
1328 747
1330 515
1333 607
1334 160
1337 905
1337 727
1339 1
1340 858
1343 360
1343 950
1351 663
1354 192
1360 33
1362 489
1363 489
1364 644
1365 677
1367 665
1368 956
1369 444
1375 688
1378 599
1383 906
