0  550.00
0.408064  500.00
0.506489  490.00
0.60966  480.00
0.715545  470.00
0.822744  460.00
0.930411  450.00
1.03814  440.00
1.14566  430.00
1.25287  420.00
1.35972  410.00
1.46628  400.00
1.57254  390.00
1.67851  380.00
1.78426  370.00
1.88982  360.00
1.99517  350.00
2.10042  340.00
2.20548  330.00
2.31012  320.00
2.41444  310.00
2.51838  300.00
2.62187  290.00
2.72488  280.00
2.79513  273.00
2.82736  270.00
2.92927  260.00
3.03058  250.00
3.13125  240.00
3.23124  230.00
3.33052  220.00
3.42903  210.00
3.52674  200.00
3.62359  190.00
3.71952  180.00
3.81447  170.00
3.90833  160.00
4.00101  150.00
4.09237  140.00
4.18226  130.00
4.2705  120.00
4.35694  110.00
4.44138  100.00
4.52358  90.00
4.56381  85.00
4.60341  80.00
4.62416  77.35
4.64242  75.00
4.68081  70.00
4.71861  65.00
4.75587  60.00
4.77063  58.00
4.7853  56.00
4.79992  54.00
4.81446  52.00
4.82895  50.00
4.84335  48.00
4.85771  46.00
4.87202  44.00
4.88628  42.00
4.90059  40.00
4.90784  39.00
4.91508  38.00
4.92246  37.00
4.92988  36.00
4.93749  35.00
4.94518  34.00
4.95306  33.00
4.96116  32.00
4.96944  31.00
4.97808  30.00
4.98717  29.00
4.99689  28.00
5.00765  27.00
5.02047  26.00
5.03753  25.00
5.06664  24.00
5.13369  23.00
5.2326  22.00
5.31698  21.00
5.38987  20.00
5.42466  19.50
5.45899  19.00
5.49315  18.50
5.52735  18.00
5.56182  17.50
5.59674  17.00
5.63224  16.50
5.66852  16.00
5.70573  15.50
5.74403  15.00
5.78367  14.50
5.82475  14.00
5.86755  13.50
5.91214  13.00
5.95872  12.50
6.00745  12.00
6.05844  11.50
6.1119  11.00
6.16792  10.50
6.22678  10.00
6.2888  9.50
6.35431  9.00
6.42361  8.50
6.49683  8.00
6.57387  7.50
6.65406  7.00
6.73641  6.50
6.81934  6.00
6.85228  5.80
6.885  5.60
6.91744  5.40
6.94962  5.20
6.98152  5.00
7.01302  4.80
7.04399  4.60
7.07409  4.40
7.10316  4.20
7.13092  4.00
7.14438  3.90
7.15756  3.80
7.17048  3.70
7.18317  3.60
7.19559  3.50
7.20779  3.40
7.21971  3.30
7.23137  3.20
7.2428  3.10
7.254  3.00
7.26502  2.90
7.27592  2.80
7.28676  2.70
7.29747  2.60
7.308  2.50
7.31831  2.40
7.32834  2.30
7.33802  2.20
7.34733  2.10
7.38284  2.075
7.39508  1.937
7.40691  1.798
7.41749  1.668
7.42163  1.631
7.42576  1.599
7.42869  1.581
