0.090681 500.00 
0.112553 490.00 
0.135480 480.00 
0.159010 470.00 
0.182832 460.00 
0.206758 450.00 
0.230697 440.00 
0.254592 430.00 
0.278416 420.00 
0.302161 410.00 
0.325839 400.00 
0.349453 390.00 
0.373002 380.00 
0.396503 370.00 
0.419960 360.00 
0.443371 350.00 
0.466760 340.00 
0.490106 330.00 
0.513361 320.00 
0.536542 310.00 
0.548102 305.00 
0.559639 300.00 
0.582637 290.00 
0.605528 280.00 
0.621141 273.15 
0.628302 270.00 
0.650949 260.00 
0.673462 250.00 
0.695834 240.00 
0.718054 230.00 
0.740115 220.00 
0.762007 210.00 
0.783720 200.00 
0.794505 195.00 
0.805242 190.00 
0.815928 185.00 
0.826560 180.00 
0.837138 175.00 
0.847659 170.00 
0.858120 165.00 
0.868518 160.00 
0.878851 155.00 
0.889114 150.00 
0.899304 145.00 
0.909416 140.00 
0.919446 135.00 
0.929390 130.00 
0.939242 125.00 
0.949000 120.00 
0.958657 115.00 
0.968209 110.00 
0.977650 105.00 
0.986974 100.00 
0.996174 95.00 	
1.005244 90.00 	
1.014181 85.00 	
1.022984 80.00 	
1.027594 77.35 	
1.031651 75.00 	
1.040183 70.00 	
1.048584 65.00 	
1.056862 60.00 	
1.060141 58.00 	
1.063403 56.00 	
1.066650 54.00 	
1.069881 52.00 	
1.073099 50.00 	
1.076303 48.00 	
1.079492 46.00 	
1.082669 44.00 	
1.085842 42.00 	
1.089024 40.00 	
1.090627 39.00 	
1.092244 38.00 	
1.093878 37.00 	
1.095534 36.00 	
1.097216 35.00 	
1.098930 34.00 	
1.100681 33.00 	
1.102476 32.00 	
1.104324 31.00 	
1.106244 30.00 	
1.108261 29.00 	
1.110421 28.00 	
1.112810 27.00 	
1.115658 26.00 	
1.119448 25.00 	
1.125923 24.00 	
1.140817 23.00 	
1.162797 22.00 	
1.181548 21.00 	
1.197748 20.00 	
1.205480 19.50 	
1.213110 19.00 	
1.220700 18.50 	
1.228300 18.00 	
1.235960 17.50 	
1.243720 17.00 	
1.251610 16.50 	
1.259670 16.00 	
1.267940 15.50 	
1.276450 15.00 	
1.285260 14.50 	
1.294390 14.00 	
1.303900 13.50 	
1.313810 13.00 	
1.324160 12.50 	
1.334990 12.00 	
1.346320 11.50 	
1.358200 11.00 	
1.370650 10.50 	
1.383730 10.00 	
1.397510 9.50 	
1.412070 9.00 	
1.427470 8.50 	
1.443740 8.00 	
1.460860 7.50 	
1.478680 7.00 	
1.496980 6.50 	
1.515410 6.00 	
1.522730 5.80 	
1.530000 5.60 	
1.537210 5.40 	
1.544360 5.20 	
1.551450 5.00 	
1.558450 4.80 	
1.565330 4.60 	
1.572020 4.40 	
1.578480 4.20 	
1.584650 4.00 	
1.590570 3.80 	
1.596260 3.60 	
1.601730 3.40 	
1.606970 3.20 	
1.612000 3.00 	
1.616870 2.80 	
1.621660 2.60 	
1.626290 2.40 	
1.630670 2.20 	
1.634720 2.00 	
1.638370 1.80 	
1.641570 1.60 	
1.644290 1.40 	
1.646540 1.20 	
