0.00   30000.000
999.00   400.000
1000.00  300.000
1000.86  295.100
1001.77  265.460
1006.22  208.990
1014.32  153.030
1024.78  106.140
1035.23   70.750
1044.38   51.600
1049.08   40.000
1050.13   39.000
1051.23   38.000
1052.39   37.000
1053.61   36.000
1054.89   35.000
1056.24   34.000
1057.68   33.000
1059.20   32.000
1060.82   31.000
1062.54   30.000
1064.38   29.000
1066.35   28.000
1068.47   27.000
1070.75   26.000
1073.21   25.000
1075.87   24.000
1078.77   23.000
1081.92   22.000
1085.36   21.000
1089.13   20.000
1091.16   19.500
1093.29   19.000
1095.53   18.500
1097.90   18.000
1100.39   17.500
1103.02   17.000
1105.81   16.500
1108.78   16.000
1111.93   15.500
1115.29   15.000
1118.87   14.500
1122.72   14.000
1126.85   13.500
1131.29   13.000
1136.09   12.500
1141.28   12.000
1146.90   11.500
1153.01   11.000
1159.65   10.500
1166.91   10.000
1174.89    9.500
1183.73    9.000
1193.60    8.500
1204.75    8.000
1217.39    7.500
1231.55    7.000
1247.56    6.500
1266.58    6.000
1275.01    5.800
1283.98    5.600
1293.60    5.400
1303.94    5.200
1315.07    5.000
1327.08    4.800
1340.08    4.600
1354.20    4.400
1369.58    4.200
1386.41    4.000
1395.43    3.900
1404.90    3.800
1414.85    3.700
1425.32    3.600
1436.35    3.500
1428.2478  3.47728
1437.6348  3.39929
1447.0218  3.32554
1455.7889  3.25893
1467.5359  3.1735
1476.9335  3.09202
1491.03	   2.99956
1502.7771  2.94172
1508.037   2.88185
1521.57	   2.81726
1530.97	   2.75294
1544.547   2.68115
1554.97	   2.62922
1566.7	   2.57255
1580.2	   2.50911
1594.87	   2.43569
1611.3	   2.36756
1627.72    2.29339
1648.8	   2.21602
1667.6	   2.15162
1686	   2.08335
1705.2	   2.03202
1721.6	   1.97031
1740.1	   1.91879
1758.87	   1.85798
1782.62	   1.80439
1803.74	   1.75641
1824.7	   1.70923
1843.6	   1.66089
1869.5	   1.61388
1892.9	   1.56657
1918.7	   1.51673
1951.5	   1.46006
1984.5	   1.41272
2024.4	   1.35087
2061.9	   1.29743
2115.9	   1.23201
2144.2	   1.19673
2172.4	   1.16531
2214.5	   1.12226
2242.7	   1.09211
2299	   1.04634
2331.9	   1.01736
2367.1	   0.98628
2411.7	   0.955314
2451.6	   0.928438
2496.8	   0.897588
2536.1	   0.874378
2571.3	   0.853424
2600.19	   0.837518
2646.5	   0.811112
2680.1	   0.794032
2747.45    0.761697
2807.1	   0.733128
2867.2	   0.707771
2914.2	   0.689099
2978.7	   0.666497
3038.7	   0.6455
3073.9	   0.634424
3127.97	   0.618132
3186.7	   0.600534
3236.0466  0.588963
3351.19	   0.559967
3387.998   0.547293
3527.6117  0.519525
3637.6025  0.497434
3717.1837  0.483022
3780.7181  0.472408
3892.7659  0.454743
4005.2486  0.438644
4119.879   0.42362
4248.8328  0.407529
4398.828   0.390759
4539.4715  0.377036
4684.8462  0.363852
4766.9361  0.356638
4902.0745  0.346396
5060.2408  0.334653
5152.924   0.327515
5216.253   0.321924
5246.7488  0.318817
5298.36	   0.313545
5314.78	   0.312263
5347.62	   0.31041
5361.7	   0.309413
5368.74	   0.308843
5403.95	   0.30699
5413.33	   0.306277
5420.38	   0.30585
5432.11	   0.304995
5460.27	   0.303284
5476.7	   0.302286
5489.19	   0.301407
5516.6	   0.300005
5529.05	   0.299096
5549.7571  0.298024
5566.2495  0.297004
5578.6867  0.296095
5594.5223  0.29509
5613.3708  0.294069
5627.5072  0.293176
5643.9997  0.292283
5660.49	   0.291262
5671.72	   0.290378
6900.16    0.240
7190.65    0.230
7512.68    0.220
7872.35    0.210
8277.06    0.200
8735.86    0.190
9261.11    0.180
9868.60    0.170
10579.59    0.160
11421.61    0.150
12431.61    0.140
13658.22    0.130
15165.46    0.120
17039.13    0.110
19400.47    0.100
20820.34    0.095
22443.68    0.090
24330.68    0.085
26563.62    0.080
29253.31    0.075
32601.28    0.070
37123.90    0.065
43515.78    0.060
52106.71    0.055
63765.09    0.050
