0.00   30000.000
999.00   400.000
1000.00  300.000
1000.86  295.100
1001.77  265.460
1006.22  208.990
1014.32  153.030
1024.78  106.140
1035.23   70.750
1044.38   51.600
1049.08   40.000
1050.13   39.000
1051.23   38.000
1052.39   37.000
1053.61   36.000
1054.89   35.000
1056.24   34.000
1057.68   33.000
1059.20   32.000
1060.82   31.000
1062.54   30.000
1064.38   29.000
1066.35   28.000
1068.47   27.000
1070.75   26.000
1073.21   25.000
1075.87   24.000
1078.77   23.000
1081.92   22.000
1085.36   21.000
1089.13   20.000
1091.16   19.500
1093.29   19.000
1095.53   18.500
1097.90   18.000
1100.39   17.500
1103.02   17.000
1105.81   16.500
1108.78   16.000
1111.93   15.500
1115.29   15.000
1118.87   14.500
1122.72   14.000
1126.85   13.500
1131.29   13.000
1136.09   12.500
1141.28   12.000
1146.90   11.500
1153.01   11.000
1159.65   10.500
1166.91   10.000
1174.89    9.500
1183.73    9.000
1193.60    8.500
1204.75    8.000
1217.39    7.500
1231.55    7.000
1247.56    6.500
1266.58    6.000
1275.01    5.800
1283.98    5.600
1293.60    5.400
1303.94    5.200
1315.07    5.000
1327.08    4.800
1340.08    4.600
1354.20    4.400
1369.58    4.200
1386.41    4.000
1395.43    3.900
1404.90    3.800
1414.85    3.700
1425.32    3.600
1436.35    3.500
1447.99    3.400
1460.30    3.300
1473.34    3.200
1487.18    3.100
1501.90    3.000
1517.60    2.900
1534.38    2.800
1552.37    2.700
1571.69    2.600
1592.51    2.500
1615.01    2.400
1639.40    2.300
1665.90    2.200
1694.80    2.100
1726.40    2.000
1761.10    1.900
1799.38    1.800
1841.85    1.700
1889.42    1.600
1943.25    1.500
2005.18    1.400
2077.48    1.300
2162.93    1.200
2211.30    1.150
2263.65    1.100
2320.08    1.050
2380.77    1.000
2446.94    0.950
2523.01    0.900
2609.10    0.850
2704.60    0.800
2812.42    0.750
2936.57    0.700
3080.73    0.650
3250.53    0.600
3453.50    0.550
3700.52    0.500
3815.03    0.480
3940.33    0.460
4078.03    0.440
4230.02    0.420
4398.49    0.400
4586.35    0.380
4797.02    0.360
5034.68    0.340
5304.98    0.320
5615.03    0.300
5787.87    0.290
5974.48    0.280
6176.70    0.270
6396.63    0.260
6636.72    0.250
6900.16    0.240
7190.65    0.230
7512.68    0.220
7872.35    0.210
8277.06    0.200
8735.86    0.190
9261.11    0.180
9868.60    0.170
10579.59    0.160
11421.61    0.150
12431.61    0.140
13658.22    0.130
15165.46    0.120
17039.13    0.110
19400.47    0.100
20820.34    0.095
22443.68    0.090
24330.68    0.085
26563.62    0.080
29253.31    0.075
32601.28    0.070
37123.90    0.065
43515.78    0.060
52106.71    0.055
63765.09    0.050
