0.822128        293.5
0.823349        248.8
0.827289        192.2
0.82967         181.0
0.83399         146.7
0.8382          120.2
0.84081         100.1
0.8424           91.52
0.84526          76.58
0.8496           59.8
0.8528           51.40
0.8567           42.56
0.868319         29.93
0.8775           24.96
0.8876           22.99
0.89552          19.937
0.914597808 19.35737575
0.921079469 17.67400343
0.927607032 16.24411225
0.934180822 15.01716688
0.940801165 13.95480447
0.947468391 13.0264906
0.95418283 12.20746997
0.960944817 11.47788873
0.967754686 10.82233319
0.974612777 10.22933851
0.98151943 9.690671611
0.988474989 9.200384265
0.995479798 8.753765515
1.002534206 8.346397049
1.009638564 7.973531111
1.016793223 7.629967779
1.02399854 7.310507003
1.031254872 7.010890848
1.03856258 6.728932686
1.045922026 6.465252798
1.061924006 5.969797378
1.08005862 5.478093885
1.098502627 5.052498051
1.117261292 4.681903049
1.136339971 4.356826959
1.155744108 4.06931861
1.17547924 3.812829521
1.195550999 3.58206364
1.215965111 3.372814879
1.236727399 3.181800873
1.257843785 3.006499888
1.27932029 2.844996437
1.301163038 2.695839882
1.323378256 2.557919131
1.345972276 2.430355466
1.368951538 2.312414576
1.39232259 2.203438005
1.41609209 2.102793469
1.44026681 2.009842842
1.464853635 1.923926061
1.489859566 1.844358743
1.515291723 1.770440983
1.541157347 1.701474542
1.567463799 1.636785513
1.594218564 1.575749504
1.621429257 1.517816469
1.649103617 1.462532472
1.677249514 1.409555958
1.705874954 1.358666485
1.734988074 1.309764359
1.764597149 1.262860192
1.794710594 1.218054105
1.825336966 1.1755051
1.856484964 1.135392002
1.888163435 1.097868399
1.920381375 1.063015109
1.953147929 1.030794891
1.986472398 1.001015479
2.020364238 0.973308372
2.054833064 0.947132398
2.202394557 0.836684227
2.375284672 0.738003087
2.561709363 0.655346163
2.76272172 0.585527352
2.979455711 0.526017334
3.213132214 0.474824214
3.465065476 0.430390923
3.736670013 0.391507823
4.029467984 0.357238994
4.345097051 0.32686079
4.685318773 0.299811314
5.05202753 0.275649509
5.447260027 0.254022694
5.873205378 0.234641373
6.332215815 0.217260289
6.826818018 0.201664718
7.359725089 0.187661092
7.933849193 0.175071126
