0.822128        293.5
0.823349        248.8
0.827289        192.2
0.82967         181.0
0.83399         146.7
0.8382          120.2
0.84081         100.1
0.8424           91.52
0.84526          76.58
0.8496           59.8
0.8528           51.40
0.8567           42.56
0.868319         29.93
0.8775           24.96
0.8876           22.99
0.89552          19.937
0.914926        19.35738
0.921398          17.674
0.927916        16.24411
 0.93448        15.01717
0.941091         13.9548
0.947748        13.02649
0.954453        12.20747
0.961205        11.47789
0.968005        10.82233
0.974853        10.22934
0.981749        9.690672
0.988694        9.200384
0.995689        8.753766
1.002733        8.346397
1.009827        7.973531
1.016971        7.629968
1.024166        7.310507
1.031412        7.010891
1.038709        6.728933
1.046057        6.465253
1.062036        5.969797
1.080144        5.478094
1.098561        5.052498
1.117293        4.681903
1.136344        4.356827
 1.15572        4.069319
1.175426         3.81283
1.195469        3.582064
1.215854        3.372815
1.236586        3.181801
1.257672          3.0065
1.279118        2.844996
1.300929         2.69584
1.323113        2.557919
1.345674        2.430355
1.368621        2.312415
1.391959        2.203438
1.415695        2.102793
1.439835        2.009843
1.464387        1.923926
1.489358        1.844359
1.514754        1.770441
1.540583        1.701475
1.566853        1.636786
 1.59357         1.57575
1.620743        1.517816
1.648379        1.462532
1.676486        1.409556
1.705072        1.358666
1.734144        1.309764
1.763713         1.26286
1.793785        1.218054
1.824369        1.175505
1.855475        1.135392
 1.88711        1.097868
1.919284        1.063015
1.952006        1.030795
1.985286        1.001015
2.019132        0.973308
2.053554        0.947132
2.200919        0.836684
2.373582        0.738003
2.559766        0.655346
2.760523        0.585527
2.976988        0.526017
 3.21038        0.474824
3.462014        0.430391
3.733304        0.391508
4.025774        0.357239
 4.34106        0.326861
4.680926        0.299811
5.047267         0.27565
5.442122        0.254023
5.867681        0.234641
6.326301         0.21726
6.820511        0.201665
7.353029        0.187661
7.926773        0.175071
