0.00000  0.00000
0.02449  159.74110
0.04898  331.00408
0.07347  502.23129
0.09796  673.42707
0.12245  844.59576
0.14694  1015.74170
0.17143  1186.86921
0.19592  1357.98263
0.22041  1529.08629
0.24490  1700.18454
0.26939  1871.28171
0.29388  2042.38213
0.31837  2213.49013
0.34286  2384.61005
0.36735  2555.74623
0.39184  2726.90300
0.41633  2898.08470
0.44082  3069.29566
0.46531  3240.54021
0.48980  3411.82270
0.51429  3583.14745
0.53878  3754.51880
0.56327  3925.94108
0.58776  4097.41864
0.61224  4268.95580
0.63673  4440.55690
0.66122  4612.22627
0.68571  4783.96826
0.71020  4955.78719
0.73469  5127.68740
0.75918  5299.67322
0.78367  5471.74899
0.80816  5643.91905
0.83265  5816.18773
0.85714  5988.55936
0.88163  6161.03828
0.90612  6333.62882
0.93061  6506.33533
0.95510  6679.16212
0.97959  6852.11355
1.00408  7025.19394
1.02857  7198.40762
1.05306  7371.75895
1.07755  7545.25223
1.10204  7718.89183
1.12653  7892.68206
1.15102  8066.62726
1.17551  8240.73177
1.20000  8414.99992
