0.00000  0.00000
0.02449  170.51191
0.04898  339.53300
0.07347  508.61413
0.09796  677.75548
0.12245  846.95722
0.14694  1016.21954
0.17143  1185.54261
0.19592  1354.92660
0.22041  1524.37168
0.24490  1693.87804
0.26939  1863.44584
0.29388  2033.07527
0.31837  2202.76649
0.34286  2372.51969
0.36735  2542.33503
0.39184  2712.21269
0.41633  2882.15285
0.44082  3052.15569
0.46531  3222.22137
0.48980  3392.35007
0.51429  3562.54198
0.53878  3732.79725
0.56327  3903.11607
0.58776  4073.49862
0.61224  4243.94506
0.63673  4414.45557
0.66122  4585.03034
0.68571  4755.66952
0.71020  4926.37331
0.73469  5097.14186
0.75918  5267.97537
0.78367  5438.87400
0.80816  5609.83792
0.83265  5780.86732
0.85714  5951.96237
0.88163  6123.12324
0.90612  6294.35011
0.93061  6465.64315
0.95510  6637.00254
0.97959  6808.42846
1.00408  6979.92107
1.02857  7151.48056
1.05306  7323.10709
1.07755  7494.80085
1.10204  7666.56201
1.12653  7838.39074
1.15102  8010.28723
1.17551  8182.25163
1.20000  8354.28414
