0.00000  0.00000
0.02449  171.49912
0.04898  339.69231
0.07347  508.16918
0.09796  676.91606
0.12245  845.91929
0.14694  1015.16518
0.17143  1184.64007
0.19592  1354.33028
0.22041  1524.22214
0.24490  1694.30198
0.26939  1864.55612
0.29388  2034.97090
0.31837  2205.53263
0.34286  2376.22765
0.36735  2547.04228
0.39184  2717.96285
0.41633  2888.97569
0.44082  3060.06712
0.46531  3231.22348
0.48980  3402.43108
0.51429  3573.67626
0.53878  3744.94534
0.56327  3916.22465
0.58776  4087.50052
0.61224  4258.75927
0.63673  4429.98723
0.66122  4601.17074
0.68571  4772.29611
0.71020  4943.34967
0.73469  5114.31775
0.75918  5285.18668
0.78367  5455.94278
0.80816  5626.57239
0.83265  5797.06182
0.85714  5967.39741
0.88163  6137.56549
0.90612  6307.55237
0.93061  6477.34439
0.95510  6646.92788
0.97959  6816.28916
1.00408  6985.41456
1.02857  7154.29040
1.05306  7322.90302
1.07755  7491.23873
1.10204  7659.28388
1.12653  7827.02478
1.15102  7994.44776
1.17551  8161.53915
1.20000  8328.28528
