0.00000  0.00000
0.02449  169.86323
0.04898  341.22386
0.07347  512.61437
0.09796  684.03658
0.12245  855.49233
0.14694  1026.98345
0.17143  1198.51175
0.19592  1370.07907
0.22041  1541.68724
0.24490  1713.33807
0.26939  1885.03341
0.29388  2056.77507
0.31837  2228.56488
0.34286  2400.40467
0.36735  2572.29626
0.39184  2744.24149
0.41633  2916.24218
0.44082  3088.30015
0.46531  3260.41725
0.48980  3432.59528
0.51429  3604.83608
0.53878  3777.14147
0.56327  3949.51329
0.58776  4121.95336
0.61224  4294.46351
0.63673  4467.04555
0.66122  4639.70133
0.68571  4812.43267
0.71020  4985.24139
0.73469  5158.12933
0.75918  5331.09830
0.78367  5504.15014
0.80816  5677.28667
0.83265  5850.50973
0.85714  6023.82113
0.88163  6197.22270
0.90612  6370.71628
0.93061  6544.30368
0.95510  6717.98674
0.97959  6891.76728
1.00408  7065.64713
1.02857  7239.62812
1.05306  7413.71207
1.07755  7587.90081
1.10204  7762.19618
1.12653  7936.59998
1.15102  8111.11406
1.17551  8285.74023
1.20000  8460.48034
